Accuracy: 35.82%
PCA: 35.16%
Manhatton: 28.68%
minkowski: 35.17%

Classification Report:
               precision    recall  f1-score   support

           0       0.91      0.67      0.77      1338
           1       0.22      1.00      0.36       847
           2       0.24      0.93      0.38       339
           3       0.00      0.00      0.00       634
           4       0.10      0.01      0.02      1035
           5       0.30      0.14      0.19       592
           6       0.21      0.01      0.01       741
           7       0.00      0.00      0.00       421
           8       0.80      0.34      0.47      1233

    accuracy                           0.36      7180
   macro avg       0.31      0.34      0.24      7180
weighted avg       0.41      0.36      0.30      7180


Confusion Matrix:
 [[893 424   1   0   3  13   0   0   4]
 [  0 847   0   0   0   0   0   0   0]
 [  0   7 316   0   0  15   0   1   0]
 [  1 623   3   0   0   1   0   0   6]
 [ 60 952   3   0  12   3   1   0   4]
 [  0  10 494   0   1  85   0   1   1]
 [ 16 328 172   1  77  50   4   7  86]
 [  0 188 193   0   1  37   0   0   2]
 [  9 529 154   5  22  80  14   5 415]]
